24,275
24,274
24,273
24,272
24,271
24,270
24,269
24,268
24,267
24,266
24,265
24,264
24,263
24,262
24,261
24,260
24,259
24,258
24,257
24,256
24,255
24,254
24,253
24,252
24,251
24,250
24,249
24,248
24,247
24,246
24,245
24,244
24,243
24,242
24,241
24,240
0,484
24,239
24,238
24,237
24,236
24,235
24,234
24,233
24,232
24,231
24,230
24,229
24,228
24,227
24,226
24,225
24,224
24,223
24,222
24,221
24,220
24,219
24,218
24,217
24,216
24,215
24,214
24,213
24,212
24,211
24,210
24,209
24,208
24,207
24,206
24,205
24,204
24,203
24,202
24,201
24,200
24,199
24,198
24,197
24,196
24,195
24,194
24,193
24,192
24,191
24,190
24,189
24,188
24,187
24,186
24,185
24,184
24,183
24,182
24,181
24,180
0,483
0,482
24,179
24,178
24,177
24,176
24,175
24,174
24,173
24,172
24,171
24,170
24,169
24,168
24,167
24,166
24,165
24,164
24,163
24,162
24,161
24,160
24,159
24,158
24,157
24,156
24,155
24,154
24,153
24,152
24,151
24,150
24,149
24,148
24,147
24,146
24,145
24,144
24,143
24,142
24,141
24,140
24,139
24,138
24,137
24,136
24,135
24,134
24,133
0,481
0,480
24,132
24,131
24,130
24,129
24,128
24,127
24,126
24,125
24,124
24,123
24,122
24,121
24,120
24,119
24,118
